(0,0) 0 0
(0,1) 1 1
(0,2) 2 2
(0,3) 3 3
(0,4) 4 4
(0,5) 5 5
(0,6) 6 6
(0,7) 7 7
(0,8) 8 8
(0,9) 9 9
(1,0) 0 1
(1,1) 2 3
(1,2) 4 5
(1,3) 6 7
(1,4) 8 9
(1,5) 10 11
(1,6) 12 13
(1,7) 14 15
(1,8) 16 17
(1,9) 18 19
(2,0) 0 3
(2,1) 4 7
(2,2) 8 11
(2,3) 12 15
(2,4) 16 19
(2,5) 20 23
(2,6) 24 27
(2,7) 28 31
(2,8) 32 35
(2,9) 36 39
(3,0) 0 7
(3,1) 8 15
(3,2) 16 23
(3,3) 24 31
(3,4) 32 39
(3,5) 40 47
(3,6) 48 55
(3,7) 56 63
(3,8) 64 71
(3,9) 72 79
(4,0) 0 15
(4,1) 16 31
(4,2) 32 47
(4,3) 48 63
(4,4) 64 79
(4,5) 80 95
(4,6) 96 111
(4,7) 112 127
(4,8) 128 143
(4,9) 144 159
(5,0) 0 31
(5,1) 32 63
(5,2) 64 95
(5,3) 96 127
(5,4) 128 159
(5,5) 160 191
(5,6) 192 223
(5,7) 224 255
(5,8) 256 287
(5,9) 288 319
(6,0) 0 63
(6,1) 64 127
(6,2) 128 191
(6,3) 192 255
(6,4) 256 319
(6,5) 320 383
(6,6) 384 447
(6,7) 448 511
(6,8) 512 575
(6,9) 576 639
(7,0) 0 127
(7,1) 128 255
(7,2) 256 383
(7,3) 384 511
(7,4) 512 639
(7,5) 640 767
(7,6) 768 895
(7,7) 896 1023
(7,8) 1024 1151
(7,9) 1152 1279
(8,0) 0 255
(8,1) 256 511
(8,2) 512 767
(8,3) 768 1023
(8,4) 1024 1279
(8,5) 1280 1535
(8,6) 1536 1791
(8,7) 1792 2047
(8,8) 2048 2303
(8,9) 2304 2559
(9,0) 0 511
(9,1) 512 1023
(9,2) 1024 1535
(9,3) 1536 2047
(9,4) 2048 2559
(9,5) 2560 3071
(9,6) 3072 3583
(9,7) 3584 4095
(9,8) 4096 4607
(9,9) 4608 5119